gender,age,location,member_since,cities_visited,contributions,tags,popup_text
,,Birtley,2011,28,27,[],Meeks81 Level 4 Contributor Send Message Tripadvisor member since 2011 From Birtley 27 Contributions 28 Cities visited 9 Helpful votes 40 Photos REVIEW DISTRIBUTION Excellent 23 Very good 4 Average 1 Poor 0 Terrible 0